4.685230
3.144411
2.711452
2.363676
2.191611
1.997350
1.869761
1.834198
1.778818
1.711914
1.669622
1.667714
1.586638
1.543764
1.561778
1.474089
1.439756
1.460056
1.383020
1.336745
1.325354
1.368917
1.312269
1.299977
1.216289
1.201961
1.252110
1.193301
1.168025
1.159950
1.186095
1.119914
1.116142
1.101690
1.077969
1.084955
1.036713
1.075498
1.053022
1.059613
1.049651
0.998944
0.990504
1.002284
0.977749
0.976899
0.963236
0.951352
0.922862
0.923700
0.941091
0.886128
0.937998
0.909286
0.864671
0.897264
0.870444
0.857879
0.857677
0.858615
0.861077
0.849897
0.842435
0.849430
0.843664
0.837769
0.832188
0.833224
0.836026
0.836512
0.816857
0.826289
0.800934
0.800274
0.807954
0.806124
0.814350
0.781842
0.789923
0.792019
0.779540
0.780945
0.791769
0.766494
0.772211
0.779513
0.764187
0.768144
0.800228
0.746928
0.754596
0.757295
0.747778
0.759876
0.734560
0.765677
0.779083
0.767265
0.730347
0.748358
0.734403
0.756640
0.723117
0.741155
0.753030
0.744769
0.748506
0.721766
0.760241
0.737014
0.760366
0.740052
0.752552
0.732286
0.740817
0.727867
0.755918
0.747132
0.710498
0.738507
0.726285
0.724039
0.733161
0.729122
0.717319
0.723822
0.715545
0.734756
0.719763
0.729512
0.741560
0.726845
0.724191
0.723644
0.734953
0.735452
0.709993
0.720236
0.708251
0.737115
0.711239
0.723267
0.727926
0.721756
0.735108
0.715570
0.712293
0.718081
0.727887
0.724695
