000001 0.708268821239 218.5 144.4 205.4 53.8 261.1 49.0 274.2 139.5
000009 0.631206214428 135.0 108.7 131.8 90.0 199.9 83.2 203.1 101.8
000011 0.758863270283 190.9 184.1 144.2 79.9 174.7 70.3 221.4 174.5
000011 0.244152233005 141.1 68.2 138.7 59.0 144.0 58.0 146.4 67.3
000019 0.674069225788 152.6 208.0 132.0 191.7 224.1 107.6 244.7 123.8
000029 0.760556697845 214.5 220.7 193.7 201.8 275.1 146.5 295.9 165.4
000031 0.674237549305 211.3 149.4 193.8 127.5 335.0 73.3 352.5 95.2
000031 0.501582682133 -5.7 211.0 -21.7 184.3 186.7 124.5 202.8 151.2
000039 0.368354618549 38.4 189.9 38.4 162.3 264.8 162.1 264.9 189.7
000041 0.559126615524 196.2 161.2 181.6 119.3 192.4 117.0 207.0 158.9
000049 0.666861712933 344.6 284.7 336.4 258.5 348.4 255.8 356.7 282.0
000049 0.650195002556 249.3 160.9 239.3 131.5 250.4 128.8 260.4 158.3
000049 0.592185914516 79.4 266.4 72.1 229.8 83.1 228.3 90.5 264.9
000051 0.706525504589 275.3 295.4 263.0 253.9 283.1 250.6 295.5 292.1
000051 0.612393081188 101.6 90.7 85.7 39.0 105.2 35.6 121.0 87.4
000059 0.753352284431 342.9 202.4 338.0 176.8 352.2 175.7 357.1 201.3
000059 0.645561993122 314.8 113.3 312.4 89.9 324.0 89.4 326.4 112.8
000059 0.596889853477 153.3 150.2 151.4 139.2 157.9 138.7 159.9 149.7
000059 0.588657915592 188.5 101.8 176.1 101.0 180.0 78.0 192.5 78.8
000059 0.502040922642 138.5 249.5 134.7 231.7 144.6 230.8 148.3 248.6
000061 0.760339915752 356.4 145.5 353.6 94.1 374.8 93.5 377.6 144.9
000061 0.733306169510 99.5 119.4 80.0 116.2 92.4 75.4 111.9 78.7
000061 0.722015440464 410.7 318.8 401.8 270.0 427.8 267.4 436.8 316.2
000061 0.714982509613 32.9 220.2 25.2 188.1 41.8 185.9 49.5 218.0
000069 0.659896969795 122.6 147.3 115.0 131.7 203.8 103.7 211.3 119.3
000069 0.287111371756 139.6 255.9 125.1 253.9 128.5 237.7 143.0 239.7
000071 0.651925563812 189.0 174.3 178.8 129.4 196.9 126.0 207.1 171.0
000079 0.741524398327 328.1 298.7 316.9 254.8 335.4 251.3 346.7 295.1
000079 0.694791197777 156.1 88.6 141.4 46.2 156.9 42.3 171.6 84.6
000081 0.763786673546 198.4 229.6 150.2 72.6 199.8 62.1 248.1 219.1
000089 0.723744690418 287.0 184.6 283.6 158.5 297.3 157.3 300.7 183.5
000089 0.635547518730 260.3 97.7 260.2 70.9 272.2 70.8 272.3 97.7
000089 0.635109245777 100.0 136.8 94.4 118.4 103.6 116.5 109.3 135.0
000089 0.528583228588 83.8 233.6 78.3 213.4 89.3 211.4 94.7 231.6
000089 0.526116609573 132.5 84.4 123.1 82.4 129.6 62.0 139.0 64.0
000091 0.689852178097 194.7 148.4 184.7 47.1 217.7 45.3 227.7 146.5
000099 0.745149791241 69.0 100.6 65.0 79.4 151.8 67.3 155.8 88.5
000101 0.725185811520 212.3 94.3 208.0 72.8 291.7 61.3 296.1 82.8
000109 0.647473275661 287.7 92.5 281.9 70.4 291.8 69.3 297.6 91.3
000109 0.631880104542 88.7 121.4 84.0 95.4 94.8 94.5 99.5 120.6
000111 0.709259331226 147.4 250.0 139.9 227.2 150.9 223.7 158.4 246.5
000111 0.604607284069 229.8 87.8 222.9 64.5 233.5 61.4 240.4 84.8
000111 0.549922227859 55.5 146.3 47.4 123.2 56.1 120.2 64.3 143.4
000119 0.675524055958 149.4 175.7 135.4 128.4 156.7 124.3 170.8 171.5
000121 0.703456461430 214.8 180.6 200.8 139.6 217.7 136.4 231.7 177.4
000129 0.465344250202 172.1 189.6 152.0 91.7 187.1 86.8 207.2 184.8
000131 0.546261012554 122.6 191.0 106.3 113.7 140.8 110.2 157.2 187.4
000139 0.748766183853 316.3 105.6 307.5 65.8 319.1 62.6 328.0 102.5
000139 0.623115599155 105.4 365.5 100.4 331.9 109.2 330.3 114.2 363.9
000139 0.615798115730 305.7 340.6 298.3 319.3 306.9 315.6 314.3 337.0
000141 0.626701533794 174.4 387.0 167.1 366.8 176.0 363.4 183.4 383.5
000141 0.618639886379 184.8 152.6 175.8 113.9 187.9 110.9 196.9 149.6
000149 0.769001901150 48.7 144.9 35.9 77.4 55.8 74.0 68.6 141.5
000151 0.647182941437 192.9 81.5 187.9 50.3 196.9 48.9 202.0 80.1
000159 0.679017364979 141.7 259.2 135.3 234.8 145.2 232.2 151.5 256.5
000159 0.620086014271 54.3 155.6 48.5 133.1 58.6 130.4 64.4 153.0
000159 0.577999651432 218.5 88.4 214.3 73.6 221.7 71.5 225.9 86.3
000161 0.687362968922 130.7 438.5 117.6 393.8 128.1 388.6 141.2 433.3
000161 0.628458559513 247.1 291.9 240.9 267.2 249.6 263.5 255.8 288.2
000161 0.627180099487 18.8 33.4 10.4 12.5 18.4 7.1 26.8 27.9
000161 0.625392436981 160.5 188.2 153.0 165.1 161.1 160.7 168.6 183.8
000161 0.581232190132 323.8 120.8 320.4 105.3 326.4 103.1 329.8 118.5
000161 0.482794910669 3.8 268.5 -2.3 240.3 7.7 236.7 13.8 264.8
000169 0.677763700485 65.7 45.9 55.7 5.2 67.8 2.4 77.8 43.1
000169 0.543770194054 359.6 369.4 355.4 351.5 362.7 349.9 366.8 367.8
000169 0.542245149612 53.4 280.2 45.8 259.3 54.9 256.2 62.5 277.1
000171 0.588650226593 182.1 218.2 174.4 196.3 185.9 195.2 193.7 217.2
000171 0.530038595200 39.4 63.5 33.9 44.9 44.2 44.1 49.7 62.7
000171 0.459587693214 345.9 152.8 342.3 136.9 350.6 136.5 354.2 152.3
000179 0.606977343559 160.6 192.8 156.1 171.4 167.2 170.6 171.8 192.1
000179 0.529948234558 18.4 38.2 12.1 19.1 22.6 18.1 28.9 37.2
000179 0.464586734772 325.4 129.7 320.5 112.6 329.6 111.9 334.4 128.9
000181 0.607951819897 175.5 302.0 162.2 261.3 174.7 257.7 187.9 298.5
000181 0.584135591984 205.3 52.2 199.2 28.6 207.7 26.6 213.9 50.3
000181 0.573172748089 292.5 156.5 285.9 132.2 295.3 130.0 301.9 154.3
000181 0.566389262676 48.7 133.4 42.4 104.6 52.0 102.8 58.3 131.6
000181 0.470786213875 24.6 277.9 20.0 276.3 23.0 269.0 27.6 270.6
000189 0.677235782146 76.8 88.8 63.2 60.0 77.8 58.1 91.5 86.9
000189 0.537412762642 302.3 132.7 289.0 95.5 304.9 93.9 318.3 131.1
000189 0.522022187710 155.2 110.2 149.7 109.6 152.6 102.4 158.1 103.0
000191 0.597565114498 295.9 92.5 291.2 70.2 302.1 69.4 306.8 91.8
000191 0.562274396420 382.8 196.2 377.5 174.3 389.2 173.4 394.4 195.3
000191 0.521664977074 139.5 172.1 132.2 142.8 144.0 141.9 151.4 171.1
000199 0.701576173306 133.0 207.9 121.2 169.6 136.2 167.9 148.0 206.2
000199 0.551618933678 251.6 64.3 245.0 42.4 255.3 41.3 261.9 63.1
000199 0.530334293842 8.3 41.5 1.6 10.1 13.9 9.2 20.5 40.6
000201 0.587432205677 171.0 102.3 156.9 63.1 170.2 60.7 184.3 99.9
000201 0.544707894325 248.8 122.1 244.4 121.1 247.3 114.4 251.7 115.3
000209 0.647526144981 352.8 53.0 339.5 45.3 367.2 19.8 380.4 27.5
000209 0.627339005470 40.3 184.4 37.0 173.0 43.0 172.1 46.2 183.5
000209 0.621133327484 228.1 236.3 223.5 211.0 237.6 209.6 242.3 234.9
000209 0.576896011829 73.7 135.6 61.9 133.9 68.1 110.3 79.9 112.0
000209 0.488460302353 201.5 147.3 199.8 123.1 210.1 122.7 211.8 146.9
000209 0.426720350981 24.6 282.2 19.2 264.6 27.9 263.2 33.3 280.8
000211 0.670777440071 294.1 158.7 281.3 157.7 285.9 133.1 298.7 134.1
000211 0.526424646378 258.2 207.6 255.2 196.0 262.3 195.3 265.2 206.9
000211 0.467676460743 16.3 114.9 11.3 110.1 33.6 101.1 38.6 105.8
000211 0.442829936743 36.4 74.6 28.5 71.9 31.4 68.6 39.3 71.2
000219 0.589640736580 330.6 364.5 324.8 344.9 471.5 324.2 477.2 343.8
000219 0.569985151291 264.2 227.6 258.0 206.8 402.0 186.2 408.2 207.0
000219 0.430039018393 166.2 179.2 154.4 150.7 365.0 109.1 376.8 137.5
000219 0.428516060114 259.3 351.4 256.5 338.6 317.2 332.4 320.0 345.2
000219 0.396648675203 121.5 91.4 113.4 60.3 311.7 35.8 319.8 66.9
000219 0.239935502410 328.4 301.6 321.1 283.5 458.4 257.1 465.7 275.2
000219 0.200242877007 244.3 318.0 237.6 300.6 308.7 287.6 315.3 305.0
000219 0.194958701730 351.0 343.5 345.4 327.1 457.7 308.6 463.3 325.0
000221 0.621914029121 399.8 321.1 60.9 244.2 81.0 171.5 419.9 248.4
000229 0.670767426491 475.0 273.2 336.7 238.4 345.1 211.4 483.4 246.2
000229 0.658925116062 277.1 237.2 75.9 188.2 87.5 149.7 288.7 198.6
000229 0.536507964134 407.0 401.5 352.6 389.3 356.8 374.3 411.1 386.5
000229 0.429318368435 466.5 415.8 423.1 407.6 426.6 392.8 470.0 401.0
000231 0.686658382416 178.6 189.3 170.9 160.4 344.8 124.4 352.5 153.3
000231 0.521609008312 233.4 148.6 228.9 129.9 333.0 110.5 337.5 129.2
000231 0.518155157566 40.2 193.0 32.9 176.6 117.4 147.3 124.7 163.7
000231 0.448148816824 45.6 210.1 42.1 195.7 130.5 179.2 134.0 193.6
000239 0.663102209568 149.2 364.2 108.1 353.1 183.6 194.4 224.8 205.4
000239 0.561729192734 248.0 169.0 209.2 159.2 276.4 8.7 315.2 18.5
000241 0.675974905491 195.3 317.9 189.9 294.7 310.2 271.5 315.6 294.7
000241 0.545914173126 70.8 318.4 32.2 252.8 50.7 243.8 89.2 309.4
000241 0.535335123539 301.0 267.2 257.1 21.0 316.6 12.2 360.5 258.4
000241 0.227080643177 -1.2 222.8 -4.8 155.5 16.2 154.6 19.8 221.9
000249 0.643891990185 84.2 136.6 79.3 128.5 128.2 112.6 133.1 120.7
000251 0.612736105919 154.6 113.4 149.3 106.3 194.4 91.6 199.7 98.7
000259 0.643777310848 129.9 292.7 98.5 280.0 143.5 232.8 174.9 245.5
000259 0.610134959221 289.4 61.4 280.8 59.5 286.8 48.3 295.4 50.3
000261 0.552169024944 178.1 247.5 169.3 245.5 175.3 234.2 184.1 236.2
000261 0.393077790737 234.4 114.4 217.6 108.5 236.4 85.6 253.2 91.5
000269 0.622813940048 304.3 45.4 289.4 37.7 317.7 13.4 332.7 21.2
000269 0.611231625080 152.5 139.7 150.8 116.7 160.9 116.3 162.6 139.4
000269 0.574680745602 180.9 228.8 175.6 204.1 188.8 202.8 194.1 227.5
000269 0.538034796715 24.8 129.3 12.3 127.8 18.4 104.4 30.8 105.8
000271 0.713792920113 98.4 182.7 66.2 63.8 108.7 59.7 140.9 178.6
000279 0.731620132923 194.0 240.5 186.2 194.2 203.7 192.4 211.4 238.7
000281 0.710430085659 112.5 245.0 104.1 200.7 122.4 199.3 130.7 243.6
000281 0.583113610744 439.2 113.1 435.5 79.7 450.8 78.9 454.6 112.4
000289 0.516010224819 289.3 90.1 284.6 61.2 298.2 60.6 302.9 89.5
000291 0.623474657536 183.1 86.2 176.4 61.4 189.4 60.5 196.1 85.2
000291 0.524538159370 47.5 253.3 30.7 210.3 48.4 208.4 65.2 251.4
000299 0.573442041874 32.3 185.7 23.1 174.3 57.3 150.2 66.5 161.6
000299 0.387476146221 135.8 54.9 127.9 53.7 129.3 45.6 137.2 46.8
000301 0.812211632729 68.2 241.3 35.1 101.6 79.2 96.2 112.3 235.9
000309 0.559936881065 160.4 212.5 133.2 114.9 158.9 109.9 186.0 207.5
000311 0.689059972763 72.8 108.5 63.9 55.7 81.9 54.3 90.9 107.1
000319 0.759884357452 146.0 65.1 134.6 19.5 153.2 16.1 164.6 61.7
000319 0.678755879402 474.1 421.1 464.4 372.1 483.2 369.3 492.9 418.3
000321 0.752670288086 473.4 93.9 464.9 51.5 484.7 50.1 493.2 92.5
000321 0.521201133728 14.0 147.8 8.0 99.7 27.2 98.9 33.2 146.9
000329 0.636799275875 429.2 261.7 400.5 178.9 428.4 174.8 457.1 257.7
000329 0.500590264797 82.9 215.7 70.5 213.3 78.9 195.1 91.4 197.5
000331 0.643067955971 457.2 256.5 427.1 171.9 459.9 168.2 489.9 252.8
000331 0.464789628983 113.7 209.1 100.2 207.2 107.8 189.6 121.4 191.4
000339 0.680486559868 31.0 295.2 21.7 255.5 38.4 253.9 47.7 293.5
000339 0.517768442631 63.9 68.1 58.1 38.5 71.6 37.4 77.5 67.0
000341 0.731430828571 381.1 77.1 356.0 71.1 372.3 18.0 397.3 23.9
000341 0.634980797768 308.0 187.1 300.4 159.9 313.3 157.1 320.9 184.3
000341 0.551202356815 273.7 413.0 266.5 374.1 281.0 372.0 288.3 410.9
000349 0.553977370262 324.2 178.2 317.4 171.7 364.3 154.8 371.2 161.4
000349 0.295773029327 448.8 135.2 448.3 128.1 456.5 127.9 457.0 135.0
000351 0.600117683411 342.9 193.4 336.7 186.2 384.4 169.7 390.6 176.8
000351 0.423841834068 469.0 150.2 467.7 143.0 474.9 142.5 476.3 149.6
000359 0.756936371326 47.8 93.0 25.8 83.7 60.6 41.5 82.6 50.9
000361 0.715902984142 463.0 311.0 451.8 258.3 481.0 255.5 492.1 308.2
000361 0.632285416126 105.8 81.0 79.5 79.2 88.0 23.2 114.3 25.0
000361 0.621798872948 400.3 107.0 396.1 55.4 417.8 54.6 422.0 106.2
000361 0.569456338882 24.9 193.3 19.0 165.6 31.8 164.4 37.7 192.0
000369 0.616644024849 230.8 169.5 222.6 144.8 233.4 142.9 241.7 167.5
000369 0.568690061569 94.1 337.9 78.3 292.5 93.1 289.7 108.9 335.1
000369 0.533071935177 128.6 50.1 122.2 24.6 132.6 23.2 139.0 48.7
000371 0.649006724358 57.1 90.1 43.2 55.8 57.6 53.3 71.5 87.6
000371 0.610838353634 319.3 139.3 305.3 96.5 321.2 94.3 335.2 137.1
000371 0.523595571518 147.6 114.7 141.4 113.7 144.9 105.2 151.0 106.3
000379 0.609555065632 305.8 212.5 301.8 199.8 309.2 198.5 313.3 211.2
000379 0.599325180054 288.4 325.8 284.0 306.4 293.2 305.2 297.6 324.6
000379 0.556782126427 345.5 155.1 332.4 154.1 336.3 125.9 349.4 126.9
000379 0.475893646479 28.1 104.6 23.3 99.0 46.5 88.1 51.3 93.6
000379 0.313455820084 491.5 168.5 487.6 146.3 499.1 145.2 502.9 167.4
000379 0.200395643711 47.9 59.0 38.8 55.4 42.3 50.5 51.4 54.2
000381 0.767603576183 281.6 291.6 248.6 148.2 294.1 143.0 327.2 286.3
000389 0.766668200493 121.9 130.7 118.6 111.0 222.6 103.1 226.0 122.8
000391 0.516921162605 368.7 229.2 355.8 227.2 363.5 209.6 376.4 211.6
000391 0.299621015787 180.1 174.2 147.3 78.5 184.0 73.9 216.8 169.6
000399 0.683439970016 436.1 338.6 426.1 282.1 454.9 279.7 464.9 336.2
000399 0.678835153580 372.2 132.7 370.3 80.9 393.3 80.5 395.3 132.2
000399 0.660878300667 81.9 108.2 53.8 107.1 59.1 46.6 87.3 47.8
000401 0.593136370182 89.3 297.7 78.0 260.1 93.4 257.3 104.7 295.0
000401 0.505416870117 120.1 71.7 113.5 42.6 128.3 40.7 134.9 69.8
000409 0.685083150864 117.5 171.4 110.4 164.7 155.5 148.8 162.6 155.4
000411 0.729313969612 98.4 178.2 68.4 65.6 115.9 59.3 146.0 172.0
000419 0.570139288902 84.5 135.3 67.8 82.6 96.8 79.6 113.5 132.3
000421 0.760893225670 91.5 134.3 68.5 115.7 148.9 83.0 171.8 101.5
000429 0.292886406183 192.3 225.5 162.3 103.0 204.9 97.2 234.9 219.6
000431 0.621007680893 237.0 161.1 209.5 62.4 247.1 57.1 274.6 155.7
000439 0.275876283646 160.2 253.9 81.7 58.6 151.2 46.5 229.8 241.8
000441 0.714206159115 131.1 193.2 111.9 84.4 147.5 81.3 166.7 190.1
000449 0.622602045536 128.8 122.4 100.5 22.2 138.1 16.7 166.5 117.0
000449 0.230147153139 174.7 97.1 140.0 22.4 176.8 13.6 211.4 88.3
000451 0.691490650177 182.4 213.4 163.3 124.6 196.8 120.9 216.0 209.8
000459 0.750562787056 119.8 313.5 77.3 261.7 225.7 162.9 268.2 214.7
000461 0.578403472900 95.9 221.5 37.8 190.9 170.1 73.3 228.1 103.9
000469 0.677124798298 405.1 239.7 384.2 149.4 420.3 144.6 441.3 235.0
000471 0.684373378754 73.1 189.4 47.4 75.0 94.3 69.9 120.0 184.2
000479 0.707074522972 116.0 311.1 103.2 252.8 131.6 249.5 144.5 307.8
000479 0.706064045429 50.7 101.9 49.7 52.8 71.7 52.6 72.7 101.7
000481 0.552726030350 261.5 185.2 249.6 85.1 287.6 82.9 299.5 183.0
000489 0.859460771084 148.5 296.3 44.9 276.5 111.3 75.9 214.9 95.7
000491 0.687695920467 59.9 124.8 36.4 107.4 115.1 73.6 138.6 91.1
000499 0.451946467161 218.9 166.2 186.3 155.3 271.4 118.0 304.0 128.9
000501 0.728517889977 158.4 175.5 151.2 154.2 239.0 140.2 246.1 161.5
000509 0.697761595249 321.2 222.1 307.0 181.7 327.0 179.8 341.2 220.2
000511 0.335424274206 429.2 251.7 406.9 190.8 423.1 188.4 445.5 249.3
000519 0.700114786625 435.9 307.1 410.2 295.6 468.4 243.6 494.1 255.1
000521 0.721285104752 285.7 228.8 256.1 221.5 322.8 158.1 352.5 165.4
000529 0.598671257496 171.7 196.7 165.6 143.7 193.7 142.9 199.8 196.0
000531 0.388475209475 151.3 115.2 136.4 57.2 167.8 54.3 182.8 112.4
000539 0.785171866417 188.9 249.3 149.6 117.2 215.7 105.1 255.0 237.1
000541 0.684049785137 81.2 185.7 41.6 69.9 99.0 61.5 138.6 177.3
000549 0.777897000313 230.7 140.1 204.9 29.3 252.7 25.0 278.6 135.8
000551 0.784396052361 187.0 94.8 158.9 81.0 237.2 28.3 265.3 42.0
000559 0.591486454010 413.4 272.4 362.5 269.0 385.6 142.6 436.5 146.0
000561 0.481243312359 304.9 258.5 255.8 255.7 276.5 141.8 325.6 144.6
000569 0.798363924026 82.2 162.5 56.3 147.7 138.1 96.0 164.0 110.8
000571 0.777980506420 245.7 256.6 202.9 130.3 264.2 118.7 307.0 245.0
000579 0.517641186714 184.5 335.8 135.9 184.4 167.2 176.6 215.8 328.1
000581 0.371448069811 319.2 322.2 267.5 183.2 301.9 176.1 353.6 315.1
000589 0.735389053822 36.7 139.0 14.5 124.3 110.9 67.8 133.2 82.5
000589 0.316206425428 400.0 67.2 394.0 38.4 405.0 37.5 411.1 66.3
000591 0.760971903801 323.5 223.2 307.1 205.5 396.8 157.9 413.2 175.6
000599 0.496607363224 278.6 210.4 272.3 181.2 368.7 167.5 375.0 196.6
000601 0.412776529789 56.5 156.8 49.3 129.4 150.0 113.1 157.3 140.4
000609 0.612857282162 148.6 199.5 144.7 174.6 248.8 165.4 252.8 190.3
000611 0.621122956276 303.7 302.0 299.1 277.1 396.0 266.8 400.6 291.7
000619 0.349398016930 442.7 287.3 402.7 287.3 402.8 177.2 442.8 177.3
000619 0.306027650833 4.6 155.1 2.9 146.7 57.3 141.0 59.0 149.3
000621 0.572984576225 274.5 240.1 261.4 194.8 273.8 192.5 286.8 237.9
000629 0.722842693329 424.3 257.8 394.0 248.6 453.7 189.1 483.9 198.3
000631 0.723447263241 110.3 188.3 93.5 171.6 169.6 132.7 186.4 149.5
000631 0.689248800278 397.0 182.0 333.2 169.8 339.1 154.1 403.0 166.4
000631 0.371708095074 225.9 41.8 197.7 38.2 206.4 3.1 234.6 6.7
000631 0.335848152637 261.2 301.5 258.5 246.3 276.6 245.8 279.2 301.1
000639 0.712503671646 184.2 196.5 146.0 182.0 199.0 126.9 237.2 141.5
000641 0.825449705124 177.1 202.1 122.4 56.7 168.4 48.3 223.0 193.7
000641 0.699748456478 293.0 306.4 260.8 197.0 295.7 192.0 328.0 301.4
000641 0.574281215668 227.8 25.9 215.5 13.3 225.2 8.8 237.5 21.3
000641 0.538971900940 272.2 136.1 271.9 122.9 279.8 122.8 280.0 136.0
000641 0.520128667355 192.9 259.3 189.7 244.9 200.4 243.8 203.6 258.2
000641 0.287212938070 378.9 211.9 366.7 210.0 376.0 180.6 388.1 182.4
000649 0.555241703987 151.8 63.3 138.3 35.2 153.4 32.1 166.9 60.1
000649 0.484503477812 149.0 313.9 139.5 308.9 156.8 294.6 166.2 299.5
000659 0.578726649284 235.2 151.3 227.1 127.2 240.8 125.1 248.9 149.2
000661 0.399403274059 72.2 189.3 58.5 150.9 70.0 148.8 83.6 187.3
000669 0.663799703121 188.4 140.5 167.0 130.6 199.1 101.4 220.6 111.2
000671 0.651136994362 436.2 239.7 419.7 229.3 455.1 200.9 471.6 211.4
000679 0.368005275726 150.0 115.5 132.2 54.4 164.9 50.0 182.7 111.0
000681 0.653324663639 148.6 299.6 138.4 243.9 165.7 241.5 175.9 297.2
000689 0.587466895580 67.5 243.8 51.6 242.5 56.3 211.6 72.2 212.9
000689 0.505294322968 307.4 79.6 284.0 74.9 297.2 39.3 320.7 44.0
000691 0.581341445446 239.6 211.3 223.4 209.9 229.1 178.6 245.3 180.1
000691 0.543334424496 475.3 45.6 453.6 40.4 470.3 6.3 491.9 11.5
000699 0.758612275124 402.4 82.4 379.1 65.7 456.9 19.0 480.1 35.7
000701 0.586826622486 133.2 150.2 102.7 149.2 107.3 81.8 137.7 82.8
000709 0.643133819103 243.9 201.4 205.6 190.0 236.7 134.6 275.0 146.1
000711 0.379155158997 87.0 119.9 47.5 107.3 81.4 52.6 121.0 65.2
000719 0.672734498978 468.7 274.8 440.1 272.4 451.1 216.2 479.7 218.6
000721 0.778728961945 214.3 215.8 178.5 183.9 335.2 84.2 371.0 116.1
000729 0.758524298668 459.7 178.3 436.8 173.4 463.0 115.9 485.9 120.7
000729 0.729882061481 170.2 200.1 137.4 141.2 158.6 135.6 191.4 194.6
000729 0.669723987579 198.1 248.4 173.9 207.5 189.5 203.2 213.7 244.1
000729 0.652571499348 220.4 50.2 149.8 20.0 161.3 7.4 231.9 37.6
000729 0.564978361130 127.4 154.7 90.5 140.4 98.5 130.7 135.4 145.0
000729 0.540613591671 291.6 319.9 274.9 309.5 326.7 270.8 343.4 281.3
000729 0.529559314251 352.2 280.3 334.3 272.7 367.7 235.7 385.6 243.3
000729 0.477399587631 226.5 254.1 204.2 242.1 277.1 178.8 299.4 190.9
000731 0.693291366100 126.9 242.4 100.5 235.9 135.9 143.2 162.3 149.7
000739 0.668634474277 223.3 125.4 219.0 113.8 228.8 112.2 233.2 123.8
000739 0.656976044178 101.9 208.6 82.7 192.2 93.9 186.7 113.2 203.0
000739 0.655975580215 194.4 89.6 188.5 77.1 198.7 75.1 204.6 87.6
000739 0.649306058884 92.3 38.7 85.6 20.7 96.6 19.0 103.3 37.0
000739 0.639970481396 122.9 108.4 112.5 88.3 125.0 85.6 135.3 105.7
000739 0.627140045166 293.4 79.1 283.2 68.3 293.2 64.3 303.4 75.2
000739 0.618189573288 236.0 220.5 229.9 211.3 237.6 209.1 243.8 218.4
000739 0.611647188663 76.4 288.7 61.4 275.1 72.9 269.8 87.9 283.4
000739 0.601229906082 275.3 288.2 267.5 277.1 276.0 274.6 283.8 285.7
000739 0.597854077816 28.2 196.9 11.2 183.3 21.1 178.0 38.2 191.6
000739 0.597515821457 177.4 287.8 158.5 273.0 170.2 266.8 189.2 281.6
000739 0.579598009586 229.1 32.9 227.7 24.7 236.5 24.1 237.8 32.3
000739 0.567009389400 35.2 119.3 29.2 107.4 39.3 105.2 45.3 117.1
000739 0.566241145134 254.0 174.8 251.5 165.7 260.2 164.7 262.6 173.8
000739 0.561913311481 148.8 168.9 131.0 147.2 146.7 141.9 164.5 163.5
000739 0.534625172615 52.1 57.7 46.3 44.2 55.1 42.7 60.8 56.2
000739 0.524462044239 272.1 124.2 266.2 111.3 275.4 109.6 281.3 122.4
000739 0.496445655823 175.3 54.0 170.8 42.8 178.3 41.6 182.8 52.7
000739 0.488441407681 381.4 255.8 374.8 255.6 375.6 246.7 382.1 246.9
000739 0.413561373949 220.0 66.1 219.7 59.9 228.2 59.8 228.5 65.9
000739 0.297388762236 289.2 241.3 288.3 235.7 296.2 235.2 297.1 240.8
000739 0.235014408827 279.0 202.7 278.9 196.5 285.6 196.4 285.7 202.7
000741 0.650253117085 173.0 120.0 11.9 84.7 22.0 63.0 183.1 98.3
000741 0.554371237755 402.2 166.1 350.3 147.9 360.2 134.6 412.1 152.8
000741 0.245762720704 477.3 146.3 455.8 144.8 463.7 90.9 485.2 92.4
000741 0.242624923587 153.7 127.5 75.6 113.0 80.3 100.9 158.5 115.4
000749 0.636616587639 418.5 247.7 207.8 191.8 225.4 159.6 436.1 215.5
000749 0.420230209827 161.3 207.9 55.7 173.6 66.1 158.2 171.6 192.5
000751 0.575454115868 248.7 222.5 124.5 202.5 130.4 184.7 254.6 204.7
000751 0.486727923155 273.0 173.9 169.8 161.1 174.0 144.9 277.2 157.7
000751 0.479236751795 220.0 74.9 182.5 69.0 186.0 58.2 223.5 64.0
000751 0.461255371571 311.8 75.7 225.8 64.3 229.2 52.0 315.2 63.3
000751 0.437698274851 307.1 120.4 223.3 106.9 227.1 95.7 310.9 109.2
000751 0.419224739075 209.2 104.1 163.9 92.4 170.6 79.9 216.0 91.5
000751 0.383619874716 224.3 283.0 86.2 257.8 94.4 236.3 232.5 261.5
000751 0.322455406189 310.2 87.7 233.6 73.6 237.5 63.5 314.1 77.6
000751 0.272252112627 266.4 4.1 233.5 3.5 233.7 -2.5 266.7 -1.9
000759 0.714030981064 360.8 185.6 244.0 135.8 260.8 114.9 377.7 164.7
000759 0.640229463577 213.6 357.0 145.1 331.2 154.1 318.6 222.6 344.5
000759 0.259355306625 252.8 365.4 220.5 347.4 245.5 323.7 277.8 341.7
000761 0.658934593201 274.3 178.2 251.8 174.1 278.4 107.3 301.0 111.4
000761 0.560023963451 85.5 335.3 68.2 326.2 123.5 279.3 140.8 288.4
000761 0.548636853695 151.8 291.8 134.6 285.0 176.0 238.0 193.2 244.8
000761 0.539283096790 15.1 263.8 -10.2 250.8 73.6 177.5 98.9 190.5
000769 0.602279603481 359.1 214.3 346.9 189.6 366.6 185.8 378.8 210.5
000771 0.758139133453 86.6 96.8 74.3 51.4 95.4 48.9 107.6 94.3
000771 0.402584582567 83.7 315.4 83.5 301.0 93.3 300.9 93.5 315.3
000779 0.711413621902 409.2 234.3 382.6 233.8 384.5 179.5 411.0 180.0
000781 0.652459383011 313.4 316.9 311.6 281.9 327.8 281.4 329.6 316.5
000781 0.650248408318 273.6 278.7 258.4 278.3 260.1 244.5 275.3 245.0
000789 0.713289916515 180.0 79.0 165.8 78.7 167.4 46.5 181.6 46.8
000791 0.482315123081 238.6 171.7 238.2 133.3 253.1 133.2 253.5 171.6
000799 0.682833492756 314.6 299.7 295.7 237.6 323.8 233.1 342.6 295.3
000801 0.570747435093 311.1 220.4 307.9 172.4 324.6 171.8 327.9 219.8
000809 0.573602437973 58.0 65.2 43.3 55.4 51.3 49.3 66.0 59.1
000809 0.533521711826 251.0 200.2 248.3 160.0 262.5 159.6 265.2 199.7
000809 0.519137322903 124.6 38.1 112.3 24.9 122.6 20.0 135.0 33.2
000809 0.509813487530 47.4 314.0 46.4 303.6 61.4 302.9 62.4 313.3
000809 0.474542111158 294.9 185.2 294.8 160.2 305.9 160.1 306.1 185.1
000811 0.599382042885 122.0 67.8 109.4 57.0 119.1 51.8 131.7 62.5
000811 0.549037575722 190.8 41.1 178.3 28.1 188.6 23.5 201.1 36.5
000811 0.537419795990 127.2 316.0 113.2 315.7 113.7 305.6 127.6 305.9
000811 0.536306917667 316.4 202.2 314.0 164.0 328.3 163.6 330.8 201.8
000811 0.427893847227 362.0 189.3 362.0 162.4 373.3 162.3 373.3 189.3
000819 0.659390330315 331.0 261.5 320.2 213.9 339.3 212.0 350.1 259.5
000821 0.705801963806 386.0 262.6 377.4 215.9 397.1 214.2 405.7 260.9
000829 0.759253680706 321.1 282.3 308.7 235.4 327.8 232.8 340.3 279.7
000831 0.705294430256 151.4 208.0 142.0 171.1 161.6 168.5 171.1 205.5
000839 0.665880322456 269.4 217.2 256.2 180.8 277.3 177.3 290.4 213.7
000841 0.659824430943 168.0 96.4 154.6 61.4 175.0 58.4 188.4 93.4
000849 0.591276168823 229.8 220.8 208.2 219.6 214.5 160.6 236.1 161.8
000851 0.517199635506 164.6 177.5 149.7 126.3 167.3 123.6 182.3 174.8
000859 0.692847907543 431.4 201.7 418.2 134.6 447.6 131.8 460.7 198.8
000861 0.637662053108 447.2 109.1 432.2 41.8 461.5 39.4 476.4 106.7
000869 0.639607012272 300.3 262.3 297.7 216.4 314.7 216.0 317.3 261.9
000871 0.683766603470 142.6 242.2 142.4 198.6 158.6 198.5 158.8 242.2
000871 0.499591439962 322.1 204.1 310.7 203.8 312.3 177.9 323.6 178.3
000879 0.732723176479 218.3 242.9 191.2 192.2 213.0 187.7 240.1 238.5
000881 0.779637813568 399.0 91.1 384.7 55.3 405.3 51.9 419.5 87.7
000881 0.681102395058 210.1 63.9 199.6 35.4 217.8 32.6 228.3 61.1
000881 0.680076897144 247.8 241.9 236.2 203.5 257.1 200.8 268.6 239.3
000889 0.734976708889 330.6 313.1 295.6 276.4 318.7 267.3 353.7 304.1
000889 0.700844764709 346.6 117.8 331.9 77.2 351.7 74.3 366.4 114.8
000889 0.669028937817 58.6 206.6 24.8 174.1 44.5 165.6 78.4 198.1
000889 0.643155872822 91.7 54.4 62.3 30.5 81.8 20.6 111.1 44.6
000891 0.688614726067 213.3 230.2 157.4 171.1 190.1 157.4 246.0 216.5
000899 0.712227821350 62.2 293.5 29.1 232.7 61.3 225.5 94.5 286.4
000901 0.759503483772 242.4 208.3 206.3 149.6 239.5 141.8 275.6 200.5
000909 0.748562633991 201.9 146.9 194.4 129.2 255.6 116.7 263.0 134.3
000911 0.688447475433 193.6 94.7 186.4 78.0 246.9 66.5 254.1 83.2
000919 0.685752272606 148.7 182.1 89.0 139.0 112.7 122.7 172.3 165.8
000921 0.738766193390 336.9 207.7 311.0 172.0 332.0 164.1 357.9 199.8
000929 0.643790364265 78.1 163.8 48.9 131.4 69.3 121.7 98.4 154.1
000931 0.736789286137 393.5 247.0 341.8 185.3 366.7 174.6 418.4 236.3
000939 0.661196708679 344.5 227.1 319.6 225.8 325.1 169.1 350.0 170.4
000941 0.681658804417 348.7 162.4 322.0 161.8 325.1 105.6 351.8 106.2
000949 0.558657526970 223.1 145.3 220.7 135.1 255.8 131.2 258.1 141.4
000949 0.466702610254 276.4 21.4 268.2 21.1 268.7 13.0 276.9 13.2
000951 0.625298678875 414.3 150.6 411.6 139.7 446.8 136.1 449.5 147.0
000951 0.338372290134 467.9 26.8 460.2 26.4 461.2 18.0 469.0 18.4
000959 0.730095922947 183.1 166.9 176.1 149.0 237.2 137.4 244.2 155.3
000961 0.708005070686 307.4 200.9 247.0 156.4 270.1 140.8 330.5 185.3
000969 0.594815135002 325.5 184.8 314.1 178.3 334.7 162.2 346.1 168.6
000971 0.551625251770 195.7 79.2 185.1 71.9 208.6 57.1 219.2 64.4
000979 0.743137001991 383.2 111.7 353.4 55.8 381.9 49.1 411.7 105.0
000979 0.663885891438 40.9 137.7 17.5 89.3 41.1 84.2 64.5 132.6
000981 0.710579097271 220.7 197.1 211.6 169.8 296.4 157.2 305.4 184.5
000989 0.722114801407 132.6 161.5 127.8 144.5 188.2 135.7 193.0 152.7
000991 0.741592228413 331.8 162.5 326.8 146.1 389.6 137.0 394.6 153.3
000999 0.737673223019 75.3 214.7 56.8 164.4 81.5 159.9 100.1 210.2
001001 0.700189590454 260.1 248.3 244.1 234.2 287.1 207.8 303.2 221.8
001009 0.756212651730 81.3 135.3 37.1 102.3 55.0 91.4 99.1 124.4
001009 0.584010601044 76.2 82.3 43.9 52.4 65.9 41.5 98.2 71.4
001011 0.591768443584 173.1 146.5 158.7 141.3 180.9 115.8 195.4 121.0
001019 0.684646964073 192.1 137.4 177.1 131.8 202.7 104.9 217.7 110.4
001019 0.585924386978 63.3 152.3 29.7 141.7 38.0 131.3 71.7 141.9
001019 0.563679337502 165.1 225.4 121.2 223.8 122.4 211.2 166.2 212.8
001019 0.425233989954 242.9 212.7 240.6 203.6 249.1 202.7 251.4 211.9
001019 0.195810973644 397.1 265.3 394.9 256.0 407.6 254.9 409.7 264.2
001019 0.182419404387 216.4 160.2 212.4 149.5 223.1 147.9 227.1 158.7
001021 0.495843857527 164.5 101.8 158.1 96.0 173.9 89.8 180.2 95.7
001021 0.351575940847 136.9 113.5 130.5 113.2 131.1 106.5 137.6 106.7
001029 0.642828881741 234.7 111.5 217.1 108.3 220.1 103.3 237.7 106.5
001029 0.617758512497 272.5 173.9 259.5 173.3 260.4 167.9 273.4 168.6
001029 0.554605126381 363.0 162.7 360.1 157.7 377.9 154.6 380.8 159.6
001029 0.493992894888 284.8 83.8 265.7 73.6 273.4 69.1 292.6 79.4
001029 0.485848963261 229.3 153.4 215.1 148.8 219.9 144.2 234.1 148.8
001031 0.637950658798 63.9 75.2 27.5 69.3 32.2 56.2 68.6 62.1
001031 0.547790229321 404.6 102.7 401.0 90.7 442.9 84.9 446.5 96.9
001031 0.484611451626 172.4 131.9 135.2 131.4 135.6 118.3 172.8 118.7
001039 0.779633104801 428.6 79.6 406.6 71.6 444.9 33.3 466.9 41.3
001039 0.666329026222 391.8 192.9 336.1 192.3 336.5 177.0 392.3 177.6
001039 0.661854743958 256.2 98.4 213.9 83.2 227.5 69.6 269.8 84.7
001039 0.651424348354 136.7 211.5 103.5 190.1 117.6 182.2 150.8 203.6
001039 0.431004345417 462.3 106.6 458.6 94.2 469.7 93.0 473.4 105.4
001041 0.643890023232 241.6 230.0 235.9 224.3 254.3 218.0 260.0 223.8
001041 0.591058135033 180.4 91.0 179.3 80.9 188.0 80.5 189.1 90.7
001041 0.570504903793 236.0 163.5 227.2 159.5 240.5 149.7 249.3 153.8
001041 0.517712771893 309.1 205.1 306.4 198.5 326.5 195.6 329.2 202.3
001041 0.232635423541 107.6 213.5 106.5 207.9 117.1 207.2 118.2 212.8
001049 0.554620265961 170.7 40.5 169.4 33.0 204.8 30.6 206.2 38.1
001049 0.501498878002 29.3 101.0 26.3 93.8 59.1 88.8 62.0 96.0
001051 0.640678465366 166.1 97.1 162.8 86.6 211.0 80.3 214.3 90.8
001059 0.733700335026 33.7 63.1 18.2 54.5 66.7 31.4 82.2 39.9
001059 0.577152013779 196.1 60.0 157.8 52.6 163.6 44.6 201.9 52.0
001059 0.399259179831 121.5 124.6 120.8 113.1 127.2 112.9 128.0 124.5
001059 0.397050827742 336.3 185.9 316.8 185.5 319.5 145.1 339.0 145.4
001059 0.337519586086 268.3 18.0 263.8 14.2 278.5 9.5 283.0 13.3
001061 0.649380326271 336.4 145.8 297.4 139.6 301.6 128.6 340.6 134.8
001061 0.561184108257 208.1 126.7 174.4 103.1 187.1 95.6 220.8 119.2
001061 0.187244221568 62.6 83.7 61.4 76.1 72.0 75.4 73.2 83.0
001069 0.664558827877 106.6 185.2 51.5 169.1 60.6 155.9 115.7 172.0
001069 0.603408813477 152.0 68.2 106.2 57.2 113.8 44.0 159.6 55.0
001069 0.445126563311 181.2 240.5 181.2 231.5 189.8 231.5 189.8 240.5
001069 0.434183597565 62.2 190.7 42.2 181.0 52.2 172.4 72.2 182.2
001069 0.350124359131 415.4 164.1 414.9 155.7 425.9 155.4 426.4 163.8
001069 0.334559291601 483.4 181.2 479.0 139.1 495.2 138.3 499.6 180.5
001069 0.317707687616 271.3 129.7 262.5 129.5 263.1 121.5 271.9 121.7
001069 0.317367225885 303.8 268.7 302.8 258.7 315.3 258.1 316.4 268.1
001069 0.232620120049 481.7 245.5 479.7 227.9 497.0 227.1 499.1 244.7
001071 0.624351561069 179.7 87.2 168.8 85.9 174.4 68.7 185.3 70.0
001071 0.232881873846 489.1 295.0 471.6 294.3 476.0 253.5 493.4 254.2
001079 0.685945093632 212.8 131.8 194.1 93.7 218.1 89.4 236.8 127.5
001079 0.481211334467 190.9 189.8 187.4 170.2 200.9 169.3 204.4 188.9
001081 0.651623666286 246.6 122.8 235.5 91.0 250.7 89.3 261.8 121.2
001081 0.460453093052 275.8 146.3 270.1 125.9 280.5 125.0 286.2 145.4
001089 0.511049866676 349.2 221.0 345.2 212.4 398.1 204.6 402.0 213.3
001089 0.385948717594 205.4 252.9 197.4 240.4 304.5 217.9 312.6 230.3
001089 0.352372676134 146.8 179.3 116.8 178.0 126.2 111.2 156.2 112.5
001089 0.337888449430 199.2 256.9 196.4 248.9 244.6 243.4 247.4 251.3
001089 0.251557648182 307.0 228.4 302.1 218.8 340.7 212.4 345.6 222.0
001091 0.686905443668 494.7 271.6 428.9 171.1 466.2 162.9 531.9 263.4
001091 0.499450981617 46.6 129.1 43.1 120.2 97.3 112.9 100.8 121.8
001091 0.427394300699 115.8 236.5 104.7 229.5 134.0 213.9 145.1 220.9
001091 0.416031628847 32.7 254.4 24.4 240.5 82.8 228.7 91.1 242.6
001091 0.394476085901 226.1 221.3 209.9 204.1 298.6 176.1 314.7 193.3
001091 0.336773514748 162.6 220.5 154.2 215.2 186.8 197.8 195.2 203.1
001091 0.293023914099 6.3 136.0 0.1 126.3 33.0 119.2 39.3 128.8
001091 0.270598500967 397.1 183.3 387.2 174.8 422.7 161.0 432.5 169.5
001099 0.673270523548 136.2 212.7 135.4 189.8 148.2 189.7 149.0 212.5
001099 0.599370956421 57.8 175.3 54.3 154.3 67.5 153.5 70.9 174.5
001099 0.582736492157 267.4 251.0 248.3 244.0 269.9 221.4 289.0 228.4
001099 0.562026977539 158.9 62.4 158.5 47.7 167.3 47.6 167.8 62.3
001099 0.546593666077 238.4 135.1 235.8 122.9 246.2 122.0 248.8 134.3
001099 0.546052515507 307.5 143.2 298.2 143.2 298.2 130.7 307.6 130.7
001099 0.537686526775 340.3 82.7 336.3 69.9 346.3 68.7 350.3 81.5
001099 0.513571202755 197.9 151.6 187.5 151.4 188.4 135.3 198.8 135.6
001099 0.429301410913 272.9 9.5 263.1 9.2 263.7 1.1 273.5 1.4
001099 0.274474203587 276.8 271.6 257.9 268.5 268.8 242.5 287.8 245.5
001099 0.249883085489 301.5 47.1 294.9 46.7 295.7 40.6 302.3 41.0
001101 0.649127364159 218.1 181.0 213.8 167.9 224.4 166.8 228.7 179.9
001101 0.646981477737 75.3 248.6 64.7 248.2 66.3 232.0 76.9 232.3
001101 0.646279156208 115.5 231.7 113.1 219.8 123.4 219.2 125.7 231.1
001101 0.636939048767 45.1 159.2 36.1 159.1 36.8 145.0 45.7 145.2
001101 0.586751699448 394.3 152.4 393.0 144.7 401.4 144.2 402.8 151.9
001101 0.558091700077 183.7 239.4 174.8 239.4 175.1 227.0 184.0 227.0
001101 0.373746007681 141.3 106.1 140.3 99.1 148.8 98.7 149.8 105.7
001101 0.292143076658 384.4 37.4 376.9 37.3 377.3 30.5 384.8 30.6
001101 0.235342487693 177.3 143.4 170.7 142.5 172.8 137.5 179.4 138.4
001101 0.206900894642 431.7 18.5 413.2 10.9 429.7 -1.8 448.2 5.7
001109 0.634622156620 387.6 329.5 360.2 314.9 370.4 306.0 397.8 320.6
001109 0.604642570019 426.8 28.8 408.2 7.9 424.3 1.2 443.0 22.0
001109 0.602267742157 455.9 147.6 435.7 133.2 446.7 126.0 466.9 140.4
001109 0.601935505867 204.6 219.2 180.7 209.3 188.8 200.2 212.7 210.0
001109 0.592589914799 306.0 56.3 288.8 42.8 298.5 37.0 315.7 50.5
001109 0.573009669781 378.9 68.2 360.9 52.1 372.0 46.3 390.0 62.3
001109 0.572057187557 224.4 272.2 218.5 262.8 247.5 254.4 253.4 263.8
001109 0.558314681053 147.5 148.7 125.0 137.2 134.1 128.9 156.6 140.4
001109 0.548328280449 354.8 148.4 338.7 135.4 349.5 129.1 365.7 142.1
001109 0.546401262283 266.2 134.4 244.6 124.9 252.0 117.0 273.6 126.5
001109 0.517386078835 160.7 95.7 138.7 86.4 146.3 77.9 168.4 87.3
001111 0.612962067127 210.2 67.5 200.5 61.2 205.6 57.8 215.4 64.1
001111 0.608790278435 66.8 68.5 55.3 63.4 59.4 59.5 70.9 64.6
001111 0.607132852077 121.7 62.4 110.2 57.8 114.2 53.5 125.7 58.1
001111 0.579062581062 195.2 11.6 188.5 1.5 196.2 -0.7 202.9 9.4
001111 0.565731763840 200.3 220.2 191.2 212.4 197.3 209.4 206.4 217.2
001111 0.555399537086 72.7 43.4 62.0 39.6 65.6 35.3 76.3 39.0
001111 0.544547021389 176.9 152.3 165.0 145.6 170.1 141.8 182.0 148.4
001111 0.535174667835 174.4 31.0 165.1 23.8 170.6 20.7 179.9 27.9
001111 0.508877992630 160.9 68.7 156.1 61.5 163.8 59.3 168.7 66.4
001111 0.495685994625 101.8 125.8 99.0 121.6 112.5 117.7 115.4 121.8
001111 0.492105990648 138.7 25.1 131.1 18.3 136.4 15.7 144.0 22.6
001111 0.481872498989 93.3 101.4 82.1 99.1 84.7 93.7 95.9 96.0
001111 0.371809631586 296.8 185.5 295.3 179.8 301.7 179.0 303.2 184.8
001111 0.353299081326 257.8 226.2 254.9 219.2 261.1 218.1 264.0 225.2
001111 0.327916949987 357.2 38.7 354.9 27.2 361.4 26.6 363.7 38.2
001111 0.326473653316 107.6 200.7 106.5 194.4 113.6 193.8 114.7 200.2
001111 0.280256599188 215.3 255.2 208.7 255.0 208.9 249.8 215.5 249.9
001111 0.274665147066 252.5 67.6 250.3 61.5 255.8 60.6 258.1 66.8
001111 0.247611150146 258.4 100.7 251.4 99.3 253.6 94.6 260.6 95.9
001111 0.199826300144 250.8 303.0 242.9 302.8 243.4 286.4 251.4 286.5
001111 0.193581581116 241.0 205.5 236.0 199.6 240.9 197.8 245.9 203.8
001119 0.543586611748 193.2 105.5 193.0 92.1 232.8 91.8 233.1 105.2
001121 0.593598902225 385.2 257.8 364.0 251.2 370.2 243.9 391.4 250.5
001121 0.592498242855 421.2 178.9 400.2 171.3 408.0 163.3 428.9 170.9
001121 0.574010729790 79.7 166.2 53.0 159.1 58.3 151.8 84.9 158.8
001121 0.570395946503 164.5 208.5 141.4 201.9 146.5 195.2 169.7 201.8
001121 0.555649042130 177.8 109.2 145.8 95.7 154.3 88.2 186.3 101.8
001121 0.526788353920 62.6 102.3 40.9 93.8 48.0 87.0 69.8 95.5
001121 0.510563969612 424.9 102.5 409.8 93.8 419.1 87.9 434.1 96.6
001121 0.506422638893 332.2 161.3 310.6 154.8 316.2 147.9 337.8 154.3
001121 0.503444373608 375.5 60.8 359.3 59.8 360.7 51.9 376.8 52.9
001121 0.465917617083 306.7 107.2 284.9 96.7 293.1 90.4 314.8 100.9
001121 0.407552808523 252.8 163.3 232.8 153.4 241.8 146.6 261.8 156.5
001121 0.300286412239 433.3 75.5 419.1 73.3 420.9 68.9 435.2 71.1
001129 0.660835564137 76.7 86.2 37.4 68.4 48.1 59.1 87.4 77.0
001129 0.610445976257 285.1 155.5 257.2 147.4 263.9 138.3 291.9 146.4
001129 0.604010999203 249.9 82.8 222.4 70.4 231.7 62.2 259.2 74.7
001129 0.585496187210 60.8 218.3 30.2 210.3 35.9 201.8 66.5 209.8
001129 0.564574956894 184.0 158.1 155.3 147.0 163.4 138.7 192.2 149.9
001129 0.557743430138 341.7 22.0 320.3 20.0 322.6 10.1 344.1 12.1
001129 0.554000854492 357.6 283.5 327.6 277.2 332.9 267.1 363.0 273.4
001129 0.540892183781 408.7 78.6 386.0 67.8 397.7 58.2 420.4 69.0
001129 0.509477913380 420.2 40.3 397.2 38.8 398.1 33.1 421.1 34.6
001129 0.484846234322 406.4 177.8 375.7 174.0 379.6 161.5 410.3 165.2
001131 0.676896512508 219.8 107.2 181.2 89.5 191.7 79.9 230.4 97.7
001131 0.656645774841 70.8 97.3 40.5 87.4 47.8 78.0 78.1 87.9
001131 0.632940053940 92.6 183.8 56.6 174.8 62.5 164.9 98.5 173.9
001131 0.615617394447 392.9 103.6 365.0 92.0 373.6 83.3 401.6 95.0
001131 0.572760045528 203.9 240.0 172.6 231.7 178.1 222.9 209.5 231.2
001131 0.569038569927 326.8 179.0 297.8 167.7 306.0 158.9 335.0 170.3
001131 0.513329267502 428.2 177.3 399.4 169.0 405.9 159.5 434.7 167.7
001139 0.663687229156 97.7 149.0 55.3 135.6 63.6 126.1 106.1 139.5
001139 0.650480210781 172.0 42.9 127.5 32.1 134.2 22.3 178.6 33.1
001139 0.557916045189 41.6 67.2 16.5 63.0 20.7 54.1 45.8 58.3
001139 0.528217136860 390.2 213.3 370.4 203.8 380.4 196.4 400.1 206.0
001139 0.513178825378 164.4 209.1 145.8 201.4 154.9 193.5 173.5 201.2
001139 0.441803783178 325.3 64.5 307.0 55.8 317.7 47.8 335.9 56.5
001141 0.520215213299 386.0 94.4 370.3 86.7 383.0 78.0 398.8 85.7
001141 0.456571400166 148.4 181.4 147.1 171.9 177.4 170.6 178.7 180.0
001149 0.616754531860 74.5 211.4 69.0 205.0 81.5 200.8 87.0 207.3
001149 0.614188909531 132.5 158.4 121.7 157.1 123.8 150.2 134.5 151.5
001149 0.611111938953 355.8 66.1 353.7 56.9 367.4 55.7 369.4 65.0
001149 0.585334837437 156.2 292.9 144.2 291.9 145.8 285.0 157.8 286.1
001149 0.582207024097 339.0 284.5 337.8 277.4 351.1 276.5 352.3 283.6
001149 0.571038722992 446.1 280.3 434.7 279.5 436.1 271.8 447.5 272.6
001149 0.563404977322 436.3 103.4 426.4 100.6 431.5 93.6 441.4 96.4
001149 0.540364682674 254.3 288.5 241.3 287.8 242.4 280.3 255.4 281.1
001149 0.539382636547 179.5 90.0 169.3 89.4 170.3 82.0 180.5 82.6
001149 0.500234603882 381.7 30.3 370.7 29.7 371.9 21.7 382.9 22.4
001149 0.497281044722 71.6 267.0 63.4 262.9 70.3 257.6 78.5 261.7
001149 0.491877675056 165.3 188.6 164.9 181.6 177.1 181.3 177.5 188.3
001149 0.484986186028 435.3 224.8 427.2 221.5 432.5 216.5 440.6 219.8
001149 0.476574480534 302.7 162.4 291.5 161.6 292.5 155.4 303.8 156.2
001149 0.448384672403 436.8 170.0 425.9 169.8 426.2 162.7 437.1 162.9
001149 0.443798214197 50.8 83.3 41.2 80.3 47.0 73.1 56.7 76.2
001149 0.435844123363 209.9 22.9 209.2 16.0 220.5 15.6 221.2 22.5
001151 0.591771364212 180.1 207.8 161.3 202.3 165.5 195.9 184.2 201.4
001151 0.566466331482 236.5 236.3 217.9 234.4 219.4 227.8 238.0 229.7
001151 0.522621393204 184.6 152.6 163.2 147.9 166.3 141.4 187.7 146.1
001151 0.497711569071 354.6 221.3 352.6 214.8 373.9 211.8 375.9 218.4
001151 0.450378239155 251.3 115.7 226.5 104.0 234.0 96.9 258.8 108.5
001151 0.236561954021 184.6 338.0 166.1 328.0 180.2 316.2 198.8 326.3
001159 0.623416602612 262.6 225.9 229.9 224.3 230.9 214.7 263.6 216.4
001159 0.569186985493 118.0 236.6 99.6 223.4 107.4 217.9 125.9 231.1
001159 0.541578531265 184.9 171.3 160.6 162.4 166.5 154.4 190.8 163.4
001159 0.484774053097 108.2 121.7 85.2 107.4 92.7 101.4 115.7 115.7
001159 0.475462406874 282.2 160.3 272.3 155.4 291.1 136.5 301.0 141.4
001159 0.442497849464 154.0 124.1 126.3 117.3 130.1 109.4 157.9 116.3
